-370.5
-383.0
-386.5
-394.5
-375.5
-334.0
-333.5
-304.5
-326.5
-271.0
-310.0
-260.0
-265.5
-285.5
-252.0
-241.0
-199.0
-240.5
-212.0
-219.5
-228.0
-210.5
-221.0
-206.0
-197.5
-205.5
-200.0
-168.5
-180.0
-211.0
-129.0
-186.5
-162.5
-163.5
-164.5
-166.5
-155.0
-135.0
-139.5
-122.0
-124.0
-156.5
-98.0
-126.0
-131.5
-152.0
-113.0
-107.0
-140.5
-64.0
-130.5
-91.0
-99.0
-109.0
-82.0
-112.5
-111.0
-77.0
-114.0
-82.0
-87.0
-95.0
-79.5
-63.5
-71.0
-93.0
-88.5
-62.5
-80.0
-64.5
-70.0
-59.0
-69.5
-51.0
-46.0
-59.5
-58.5
-44.5
-73.0
-73.0
-54.0
-56.0
-45.5
-73.5
-62.5
-55.5
-65.0
-81.5
-77.0
-57.0
-45.5
-59.5
-76.0
-31.5
-50.0
-55.0
-62.5
-25.5
-75.0
-63.5
