-0.4070769574275432
-1.0256658133085332
-1.790037590646802
-2.7239171263634763
-3.322743110665349
-3.831656582215061
-3.931107374611158
-3.908735972636552
-4.084192571692903
-3.9484376263631487
-4.123894225419498
-3.918854106782615
-3.8173850100835445
-4.131001302450323
-4.142149579086667
-4.317606178143018
-3.959071125062098
-4.112929418395866
-3.837630532480728
-3.7815132206314805
-3.859034153311307
-3.8478609643042234
-3.8923057013904536
-3.7908366046913855
-3.7684652027167793
-3.99751288287325
-4.269023663257985
-3.7148646377159045
-3.5445871156534245
-4.289765011455864
-3.7728732391866857
-3.6827807116732965
-4.006868212055649
-3.9620248621418463
-3.84915325194915
-3.981319537289923
-3.8340835306584164
-3.7439910031450254
-3.63111939295233
-3.9131898393527837
-3.590497233664931
-3.851425999517782
-3.5048670000666386
-3.6370332854074165
-3.7474130439034146
-4.133871415411648
-3.8938253194798467
-3.4016249554135793
-4.088775120614479
-3.906936899760103
-4.114617026029662
-3.8745709300978595
-3.773101833398786
-3.948558432455136
-3.7085123365233303
-3.9375600166798024
-3.8246884064871103
-3.7459466216464166
-3.942908630199721
-3.8300370200070266
-3.601686835841089
-3.6792077685209117
-3.5663361583282174
-3.5439647563536085
-3.878501581333258
-3.483865288384902
-3.8599823945728415
-3.654942275935959
-3.7871085612767375
-3.7982568379130854
-3.820528589659988
-3.5921784054940464
-3.756847513850288
-3.6781057290095935
-3.7003774807564946
-3.5185392599021195
-3.884293668080198
-3.525758614999283
-3.6470435032270814
-3.4767659811646086
-3.9654774050293025
-3.8980606533428706
-3.9092089299792177
-3.8643655800654195
-3.9638163724615185
-3.9638163724615207
-3.6648767805666527
-3.483038559712281
-3.722735871157874
-3.8112337566548806
-3.755116444805633
-3.71027309489183
-3.776792923023641
-3.7093761713372073
-3.7538209084234393
-3.7089775585096385
-3.8628358518434087
-3.7954191001569675
-3.4964795082621025
-3.562999336393913
