-417.0
-424.5
-446.0
-431.5
-401.0
-390.0
-356.0
-391.5
-338.0
-323.5
-330.5
-314.5
-295.0
-309.0
-319.0
-309.5
-260.0
-282.5
-264.0
-311.0
-241.5
-262.5
-242.0
-233.5
-210.0
-232.0
-242.5
-227.0
-208.5
-183.5
-222.0
-175.5
-199.0
-218.0
-189.0
-193.0
-196.0
-149.5
-155.0
-178.5
-177.0
-177.5
-158.0
-143.5
-130.0
-148.5
-148.0
-139.5
-147.0
-145.5
-146.0
-117.5
-148.5
-154.0
-105.0
-132.5
-101.5
-126.5
-135.0
-121.5
-91.0
-107.0
-117.0
-82.5
-115.5
-94.5
-127.5
-142.0
-82.5
-127.0
-91.5
-86.0
-90.5
-76.5
-78.5
-95.0
-80.5
-85.5
-74.5
-65.0
-96.5
-113.5
-30.5
-102.0
-78.5
-69.0
-62.5
-107.0
-64.5
-71.0
-82.0
-77.0
-56.0
-100.5
-92.5
-61.5
-60.0
-86.0
-57.5
-83.0
