-0.4480607934484357
-1.002132625149886
-1.8778042857891315
-2.7698425731532224
-3.217903366601657
-3.5118268410737947
-3.6845887486070925
-4.114760435316108
-3.843881764805985
-3.81449872236106
-3.872751808460937
-3.823683701219315
-3.7647439224591026
-3.6959129436383624
-3.7154061457166487
-3.8312414421243206
-3.6522959028663915
-3.9092506322138387
-3.750507140640937
-4.234155272933692
-3.9529566813193124
-4.200626356930696
-4.031792044576607
-3.8019813667534286
-3.7331503879326875
-3.6939345006275612
-3.752187586727436
-3.6932478079672264
-3.8090831043748965
-3.558780594590306
-3.9258315151573386
-3.7266019724213417
-3.6080193393347613
-3.7047341535504166
-3.7242273556287016
-3.6355550809298585
-3.883224756541237
-3.7143904441871496
-3.9527577915339314
-3.8740160066932336
-3.5617292320244993
-3.781439841306992
-3.6024943020490623
-3.9604625679841083
-3.479026470723351
-3.7359812000707975
-3.7845724474154028
-3.8137838255365404
-3.7251115508376964
-3.5864888107634205
-3.8896119198455943
-3.8207809410248554
-3.5909702632016756
-3.838639938813059
-3.619043769138881
-3.6869400597707824
-3.5583474133308366
-3.6550622275464923
-3.6354927309408103
-3.556750946100116
-3.6534657603157723
-3.797845377825046
-3.608768122840959
-3.884241391875828
-3.6544307140526473
-3.683642092173792
-3.443595996241988
-3.9625799646502067
-3.7937456522961206
-3.5022057953614474
-3.646585412870723
-3.547962886131831
-3.8234361551666987
-3.8038666585610157
-3.563820562629211
-3.641341495309038
-3.5824017165488233
-3.533333609307199
-3.6204606928764966
-3.2977680871886403
-3.700985530723273
-3.4813893610490982
-3.5396424471489762
-3.796597176496423
-3.5257185059863003
-3.9108853884004366
-3.5881927827125826
-3.6367840300571888
-3.5778442512969764
-3.469251631523761
-3.527504717623636
-3.5857578037235194
-3.396680548739431
-3.5029647438665044
-3.8427180534090413
-3.307227375627205
-3.665195641562248
-3.625979754257117
-3.7131068378264125
-3.513877295090413
