-746.5
-764.5
-775.0
-763.5
-695.5
-664.5
-681.0
-651.0
-600.5
-597.0
-577.5
-576.5
-562.0
-551.0
-487.5
-554.0
-506.0
-555.5
-512.0
-513.5
-468.0
-467.5
-489.0
-472.0
-427.5
-422.5
-449.0
-433.0
-426.0
-442.5
-420.5
-422.5
-404.0
-419.0
-340.0
-362.5
-399.0
-368.5
-349.0
-380.0
-328.5
-325.0
-386.5
-316.0
-368.5
-337.5
-302.5
-363.0
-287.5
-355.5
-308.0
-303.5
-237.0
-300.5
-297.5
-302.5
-264.5
-279.0
-305.5
-280.0
-267.5
-289.0
-256.0
-290.5
-270.0
-245.0
-291.5
-286.5
-245.5
-257.5
-282.5
-244.0
-203.0
-259.5
-238.5
-243.0
-223.0
-199.5
-229.0
-214.5
-257.5
-236.5
-220.5
-169.0
-243.0
-174.0
-234.5
-220.0
-192.5
-187.0
-200.5
-187.5
-186.5
-196.0
-201.5
-217.5
-219.0
-194.5
-218.5
-155.0
