-0.46334353586117993
-1.0720607202235823
-1.8650858711067742
-2.595819847379758
-3.0234307145705674
-3.2790600628632007
-3.566401991038188
-3.9425190972261257
-3.964790848973026
-4.06970911047598
-3.8762833989197936
-3.926256052544772
-3.948527804291674
-3.8980506509649175
-3.454870287381757
-3.789407112361407
-3.642171105729901
-3.7251835271550413
-3.572197088607349
-3.763791410118032
-3.6337671244413885
-3.381997693713317
-3.8198439790127527
-3.8030748185205967
-3.707297242071829
-3.651179930222583
-3.6007027768958277
-3.3606566809640226
-3.259187584264954
-3.4130458775987225
-3.271553696986583
-3.4037199823273614
-3.4867324037525
-3.618898689093276
-3.607725500086194
-3.431670969870941
-3.5036943758836823
-3.3851117427971023
-3.323347902962098
-3.5683615360143417
-3.523518186100539
-3.427740609651773
-3.510753031076911
-3.061471385467606
-3.2207380081550796
-3.374596301488853
-3.0815773734000684
-3.6156291583346065
-3.2510953042941653
-3.3010679579191424
-3.3895658434161478
-3.650494609269001
-3.2799547485003924
-3.1384625678882543
-3.3354245764415547
-3.5162662056360903
-3.482671454392364
-3.2191511369395225
-3.442865483256979
-3.465137235003881
-3.213367804275809
-3.2189450496951375
-3.3565431660970164
-3.232242979500044
-3.4238373010107264
-3.401465899036117
-3.2885942888434228
-3.382571626943615
-3.1600591550578625
-3.2813440432856664
-3.364356464710804
-3.4418773973906283
-3.2658228671753706
-3.403420983577255
-3.4201340910607043
-3.503146512485844
-3.2747963283199044
-3.1790187518711353
-3.2729960899713237
-3.356008511396459
-3.29989119954721
-3.38290362097235
-3.4273483580585844
-3.3315707816098192
-3.4745948345181334
-3.2811691229619515
-3.2867463683812823
-3.397126126877279
-3.4027033722966102
-3.3239615874559107
-3.2110899772632178
-3.2444605127016852
-3.283371214911956
-3.382822007308053
-3.14277591137625
-3.203786097077281
-3.297763435177466
-3.2585475478723374
-3.4608714872344026
-3.2732428777768923
