-469.0
-501.0
-500.0
-492.5
-468.5
-460.5
-439.0
-370.5
-389.5
-375.0
-355.5
-361.5
-343.5
-354.5
-305.5
-354.0
-295.5
-342.0
-288.0
-330.5
-290.0
-292.5
-299.5
-246.0
-257.5
-255.5
-264.5
-241.0
-231.5
-251.0
-257.0
-212.0
-268.0
-222.5
-255.0
-224.5
-204.0
-204.0
-202.5
-190.5
-185.5
-186.0
-183.0
-158.5
-151.0
-182.0
-180.0
-172.5
-173.5
-179.0
-130.0
-154.5
-153.5
-167.0
-180.0
-171.5
-143.0
-157.5
-137.0
-108.0
-125.0
-135.0
-129.0
-99.5
-119.5
-109.5
-130.5
-120.0
-129.0
-105.0
-80.0
-123.0
-145.5
-121.5
-119.0
-100.5
-86.0
-159.0
-90.5
-84.5
-105.5
-99.5
-131.0
-109.5
-98.5
-70.0
-53.0
-97.5
-96.0
-97.0
-106.0
-88.0
-95.5
-106.5
-72.5
-115.0
-79.5
-107.5
-99.0
-84.5
