-0.39219429045780996
-1.0348321651546133
-1.7682440912532753
-2.4337304444004055
-3.045740351963795
-3.445953890331476
-4.065638396485283
-3.9247840116518007
-3.766040520078899
-4.028146171896933
-3.8153480998029514
-3.960781791312122
-3.802038299739219
-3.8966240954002433
-3.6928757995324624
-4.01231213678872
-3.8356153045621753
-4.081219291236925
-3.730671460301792
-3.808192392981617
-3.738261183107918
-3.6241210203269136
-3.752662803877949
-3.864255418656427
-3.651457346562447
-3.822122378409739
-3.8567245926326064
-3.7247908167666304
-3.7507649011521487
-3.5560500314091117
-3.684591814960147
-3.407982484796911
-3.887688953503582
-3.5464434508330474
-3.6918771423422196
-3.786462938003248
-3.463770332315392
-3.4637703323153897
-3.4114138329789103
-3.811627371346592
-3.715217723599338
-3.7927386562791625
-3.5617917439322886
-3.4120008062283302
-3.25325731465543
-3.398691006164599
-3.4419064869446983
-3.4157967670389358
-3.6365456901035835
-3.9884496739125783
-3.757502761565703
-3.434810155877845
-3.3028763800118712
-3.2941882805191653
-3.294188280519164
-3.742249073967598
-3.6103152981016233
-3.8476479842962434
-3.7423809383070834
-3.529582866213098
-3.4596516563393998
-3.5542374520004243
-3.5281277320946662
-3.6819860254284316
-3.3500255764939597
-3.5290728399775158
-3.6321692759911945
-3.553427491150497
-3.536036169268867
-3.71508343275242
-3.456789141382873
-3.3426489786018694
-3.6620853158581284
-3.574517403394587
-3.539674056814119
-3.317809799099236
-3.4548046700398056
-3.4024481707033267
-3.762436230646851
-3.805651711426954
-3.9763167432742432
-3.6164492451487944
-3.642423329534318
-3.5282831667533157
-3.562885380976183
-3.6489460253817922
-3.427081767666907
-3.73020487674908
-3.8077258094289097
-3.6489823178560075
-3.570240533015316
-3.656301177420923
-3.7338221101007507
-3.8960908343494403
-3.526886265350021
-3.8463226026062785
-3.5513308987964995
-3.7471005858942887
-3.7035083306948806
-3.44521403932533
