-0.32757303555313283
-0.8932863160525393
-1.6191963652750287
-2.6720202108117768
-3.3299019997553736
-3.6574750353085066
-3.811333328642275
-4.559715325803961
-4.237022720116103
-4.024224648022123
-4.2532723281785945
-4.174530543337897
-3.9344844474060947
-3.8821279480696176
-4.111175628226087
-3.8983775561321066
-4.2985910944997885
-4.246234595163309
-4.2462345951633065
-4.140967549174143
-4.394829176041263
-4.099837472231485
-4.253695765565253
-4.094952273992353
-4.422525309545487
-3.542070274328894
-4.061054242737113
-4.5565087559582675
-4.092961765436928
-4.06685204553117
-4.066852045531172
-3.9349182696651965
-4.500631550164602
-4.260585454232799
-4.181843669392105
-4.62990446284054
-4.603794742934778
-4.140247752413441
-4.540461290781121
-3.7217354346760234
-4.19354924191745
-4.141192742580973
-4.395054369448087
-4.236310877875182
-4.236310877875181
-4.514863912945211
-4.462507413608735
-4.303763922035833
-3.953216091100698
-4.081757874651733
-4.235616167985503
-3.995570072053699
-4.298693181135874
-4.4017896171495545
-4.630837297306026
-4.418039225212044
-4.28610544934607
-4.564658484416098
-4.014654008344456
-3.9093869623552897
-4.333581362040435
-4.4111022947202585
-4.8113158330879395
-4.5712697371561335
-4.77537970975741
-4.696637924916715
-4.088153250029116
-4.165674182708942
-4.165674182708946
-4.68465815111716
