-0.1939987898125915
-0.9870745143072515
-1.6608817754507703
-2.2526332586316085
-3.006444686832462
-3.2471596347927427
-3.5793093745740023
-3.372786106933775
-3.9645375901146136
-3.7042315438619666
-4.036381283643226
-4.413286997743653
-4.362892255445608
-4.312497513147564
-5.066308941348416
-4.859785673708189
-4.133201831675081
-4.031605997068424
-4.225604786881014
-4.372195302181155
-4.111889255928507
-4.785696517072028
-4.68410068246537
-4.477577414825143
-5.151384675968663
-4.780722866288274
-4.465714633285865
-4.886758978209765
-4.160175136176657
