-509.5
-562.5
-546.5
-523.5
-518.0
-477.0
-484.0
-446.5
-424.0
-422.0
-419.0
-361.0
-394.5
-399.0
-361.0
-368.5
-341.5
-342.0
-383.0
-388.5
-342.5
-328.5
-331.0
-282.5
-320.0
-273.0
-304.5
-291.0
-255.0
-234.0
-248.0
-279.5
-254.0
-231.5
-220.5
-249.0
-214.0
-244.5
-225.5
-211.0
-236.5
-203.5
-220.0
-187.0
-218.5
-219.5
-201.5
-200.5
-177.5
-208.0
-185.5
-170.0
-207.0
-154.5
-205.5
-186.0
-182.0
-178.5
-172.0
-175.5
-177.0
-167.0
-155.0
-168.5
-139.0
-125.5
-145.5
-129.5
-157.5
-116.0
-117.5
-116.0
-149.5
-171.5
-130.0
-75.5
-116.5
-171.0
-116.0
-123.0
-164.0
-100.5
-115.0
-151.0
-162.0
-70.5
-130.5
-122.5
-105.5
-117.0
-124.0
-88.5
-135.5
-127.0
-116.0
-100.0
-138.0
-99.5
-133.0
-100.5
