-0.3616033078981304
-1.134588351793629
-1.9342757288457149
-2.59900214582602
-3.27738977349069
-3.52134059433785
-3.757845397427672
-3.9419152630412535
-3.9419152630412535
-3.902699375736123
-4.1317470558925935
-3.716537092381942
-3.8094190202466187
-4.060804786701669
-3.812555243482568
-4.093570726275355
-3.7958158281426955
-3.6128200659010465
-3.5814720008330694
-3.6973072972407404
-3.8662941951571934
-4.042828264317919
-3.819148795110959
-3.488115903919617
-3.8205646102637805
-3.555867683792685
-3.6487496116573626
-3.7874333865153598
-3.7324446154676565
-3.5656300971220496
-3.5264142098169198
-3.4556026407543974
-3.632136709915122
-3.441030645814132
-3.5339125736788084
-3.6267945015434884
-3.4356884374424994
-3.664736117598971
-3.3917951661769563
-3.3446990565944983
-3.6478221656766703
-3.6086062783715414
-3.401240037338669
-3.40124003733867
-3.5626683548285154
-3.593821103581698
-3.435077612008797
-3.489468202744713
-3.1667755970568603
-3.491909013142224
-3.5075096498234455
-3.452520878775738
-3.6139491962655823
-3.6139491962655836
-3.4309534340239334
-3.5848117273577023
-3.3118707759356876
-3.3739833759284745
-3.5202601666724234
-3.704330032286008
-3.472473946375399
-3.6035531570298605
-3.4769641171084085
-3.539076717101194
-3.539076717101195
-3.468265148038675
-3.309521656465772
-3.387042589145599
-3.4568652908974635
-3.51897789089025
-3.573368481626167
-3.217230935184327
-3.5496796415284884
-3.80848931432144
-3.7692734270163095
-3.553757224928782
-3.222724333737435
-3.5624776432799745
-3.475793045013591
-3.40498147595107
-3.451638113095494
-3.3250490731740485
-3.4102564024483066
-3.5031383303129875
-3.7545240967680376
-3.3899902427275985
-3.6487999155205477
-3.4739013210404113
-3.0925324342604505
-3.32158011441692
-3.266591343369215
-3.1400023034477664
-3.573756935491043
-3.4069424171454377
-3.312302367717843
-3.4128471323314105
-3.767177711674565
-3.2055317868049635
-3.667857925165432
-3.3618042699409494
