-0.3299084407621906
-0.8802486300252255
-1.549709878441152
-2.2185693968550355
-2.7361356353274924
-3.1653628197084505
-3.4291654488064247
-3.5159499632016806
-3.606464088081586
-3.6869936839826036
-3.6758046904028125
-3.6660229091471637
-3.6276155337980756
-3.6454703521626315
-3.696580166123633
-3.6315036545604715
-3.6588100596560382
-3.67121340888481
-3.648676707311451
-3.49780377146541
-3.5858334222987924
-3.6330248610793556
-3.597526579844974
-3.586337586265182
-3.5918739405408413
-3.596029794042524
