-567.5
-619.0
-618.0
-586.0
-574.5
-541.5
-558.5
-484.0
-452.0
-493.0
-476.5
-446.0
-464.5
-399.5
-416.0
-431.5
-378.0
-415.5
-373.5
-368.0
-343.5
-372.0
-347.0
-336.0
-343.5
-297.5
-346.0
-304.5
-353.0
-290.5
-272.5
-300.5
-282.5
-304.0
-295.5
-279.0
-264.5
-270.5
-275.0
-236.0
-255.0
-276.5
-238.5
-237.0
-226.5
-281.5
-227.0
-248.0
-247.0
-227.0
-197.5
-221.0
-208.5
-147.0
-189.0
-242.0
-182.5
-229.5
-129.0
-195.0
-221.5
-166.0
-202.0
-140.5
-165.0
-207.0
-174.0
-189.5
-146.5
-161.5
-135.5
-150.0
-108.5
-193.5
-172.0
-164.0
-134.5
-156.0
-138.0
-153.5
-170.5
-143.5
-163.0
-135.5
-137.0
-107.5
-122.0
-131.0
-143.5
-165.0
-137.0
-130.0
-142.0
-147.0
-113.5
-147.5
-144.5
-125.5
-135.5
-101.5
