-0.3496969654549118
-1.1062256039300467
-1.8566455061535703
-2.55792496369578
-3.234451895438709
-3.4702792376508595
-3.8398043850725068
-4.075631727284658
-3.790675149773716
-3.790675149773716
-3.8331082191603096
-3.7831434921727167
-4.005402305026886
-3.8466588134539843
-3.9590230927142773
-4.119763699591661
-3.80464111805988
-3.76184485108153
-3.7047013719634165
-3.6619051049850673
-3.669002338256199
-3.753511392269217
-3.616713802790132
-3.4799162133110473
-3.8163505715203043
-3.7448185932641134
-3.6804860402978643
-3.536383847620405
-3.7924951933106272
-3.6775476021871345
-3.2321494519186915
-3.515178763026275
-3.5996878170392916
-3.73975299817766
-3.7041149285564985
-3.5964295028345785
-3.687916925042467
-3.7303499944290603
-3.7657358462994863
-3.2341961762301565
-3.4700235184423067
-3.434385448821148
-3.4838558170471408
-3.469631056385983
-3.2740956401571486
-3.4348362470345335
-3.477269316421125
-3.7130966586332756
-3.684606553060086
-3.4964512119718534
-3.4822264513106966
-3.3962644486088305
-3.699387557691003
-3.4444160775419337
-3.2488806613130943
-3.248880661313094
-3.409621268190476
-3.7194244049863614
-3.582626815507276
-3.7433674223846594
-3.591949939448395
-3.447847746770934
-3.4264954011536712
-3.3549634228974834
-3.276221638056787
-3.3955255436913165
-3.2147394006945853
-3.504475620923178
-3.4112829589713125
-3.5582494524544783
-3.43602913277601
-3.5622630464499303
-3.186256912041872
-3.555782059463521
-3.4625893975116586
-3.4483646368505023
-3.200861417985346
-3.5106645547812323
-3.3592470718449725
-3.4367680045247946
-3.106493896247118
-3.2327278099210313
-3.6416749749634225
-3.349193941555379
-3.4615582208156703
-3.3683655588638044
-3.2751728969119407
-3.1602253057884457
-3.188553993466832
-3.2939690012818543
-3.3714899339616773
-3.2999579557054877
-3.3070551889766193
-3.5157085512589834
-3.3569650596860803
-3.586012739842549
-3.6565357707502537
-3.3338431650623983
-3.5832023152632653
-3.468254724139771
