-837.5
-862.0
-879.0
-858.0
-825.0
-816.5
-745.0
-736.0
-722.5
-671.5
-662.5
-687.0
-656.0
-640.0
-639.5
-597.0
-618.5
-569.5
-563.0
-546.5
-569.0
-577.5
-559.0
-566.5
-532.0
-550.0
-520.0
-513.0
-493.5
-457.0
-531.5
-489.5
-433.5
-444.5
-447.5
-448.0
-458.0
-460.5
-402.0
-414.5
-413.5
-442.0
-431.5
-374.5
-425.5
-393.0
-397.5
-373.0
-373.0
-350.5
-404.0
-348.5
-364.5
-366.0
-374.5
-330.0
-347.0
-373.0
-350.5
-318.0
-335.0
-307.0
-321.5
-310.0
-329.5
-315.5
-325.5
-336.0
-309.0
-317.0
-277.0
-331.0
-301.0
-336.0
-316.0
-258.5
-245.0
-307.5
-259.0
-294.0
-293.5
-243.5
-312.0
-229.5
-279.5
-218.0
-308.0
-261.5
-275.0
-305.0
-225.0
-267.5
-267.0
-291.0
-251.5
-263.0
-261.0
-270.5
-191.5
-254.5
