-0.4880787927510446
-1.1029680554184818
-1.8751163492492706
-2.550092171936795
-3.1041640036382447
-3.5744965488335816
-3.7801687773450823
-3.9387596786990047
-3.963114329871988
-3.849529198450825
-3.6655203676209682
-3.833563067630736
-3.930277881846392
-3.900894839401465
-3.7823122063148866
-3.6587270715603903
-3.87376259868835
-3.814822819928138
-3.7608213131742887
-3.5361204978295775
-3.531235299590445
-3.6566034873510254
-3.477657948093099
-3.492284969738624
-3.3486396275343218
-3.535532491246797
-3.6799121087560707
-3.5862671832246873
-3.634858430569295
-3.3845559207847047
-3.4428090068845822
-3.5681771946451604
-3.3993428822910707
-3.394457684051939
-3.190144256790506
-3.2820675037971037
-3.203325718956408
-3.2856520340339865
-3.420534972524998
-3.2919423260850533
-3.3162969772580335
-3.507891298768717
-3.4142463732373307
-3.2756236331630566
-3.3483345606619297
-3.1541837385251097
-3.2413108220944054
-3.3428126160916958
-3.463416630075916
-3.3046731385030133
-3.2851036418973334
-3.35299993252924
-3.3529999325292392
-3.3334304359235585
-3.377183753524484
-3.1779542107884846
-3.1387383234833592
-3.4049608960774234
-3.409841325942699
-3.1697952300108967
-3.1844222516564242
-3.33828054499019
-3.323610607816254
-3.2745425005746314
-3.2988971517476124
-3.2052522262162264
-3.3543734277697905
-3.3200763800153203
-3.1714033853009287
-3.306286323791941
-2.9991943547853
-3.124562542545878
-3.302039207618525
-3.5450598824300728
-3.5058439951249394
-3.3822588603704378
-3.177945433109003
-3.630468520472534
-3.5068833857180346
-3.2923866555475847
-3.2777167183736475
-3.311780110461182
-3.512764106092868
-3.2418854355827427
-3.329012519152036
-3.068432513456964
-3.274104741968467
-3.22996517135064
-3.1759636645967912
-3.5384753202129233
-3.220988337067118
-3.147204410837897
-3.3528766393494007
-3.372369841427688
-3.2886652770232327
-3.3227286691107656
-3.288431621356295
-3.2393635141146664
-3.2491196147709758
-3.326640547450802
