-882.5
-929.5
-925.0
-940.5
-893.5
-849.5
-790.0
-762.5
-752.0
-759.0
-710.5
-724.5
-659.5
-695.0
-705.5
-639.0
-635.5
-614.0
-622.0
-642.5
-559.0
-613.0
-582.5
-603.0
-574.0
-540.0
-547.5
-559.0
-539.5
-528.5
-492.5
-510.5
-550.5
-501.5
-474.0
-463.5
-572.0
-419.0
-457.0
-503.0
-423.0
-506.0
-412.5
-411.5
-434.0
-406.0
-396.0
-409.0
-392.5
-422.0
-343.5
-453.0
-357.0
-401.5
-413.5
-374.0
-392.0
-418.5
-333.0
-355.5
-380.0
-359.0
-336.0
-350.5
-347.0
-364.5
-321.5
-359.5
-359.0
-326.5
-320.5
-329.5
-346.5
-286.0
-350.0
-352.0
-330.0
-289.5
-343.0
-318.0
-299.0
-287.5
-301.0
-304.0
-275.5
-329.5
-322.0
-293.5
-287.0
-259.0
-253.5
-304.0
-275.0
-274.5
-308.0
-246.0
-267.5
-244.0
-230.0
-267.5
