-0.3803778648607693
-1.0903643337456599
-1.7923699549664394
-2.561810156458938
-3.064196599252892
-3.401802603630369
-3.62206293530361
-3.5386504355039285
-3.6025782469887884
-3.7786686801082285
-3.8198588444049406
-3.995949277524382
-3.539120460670807
-3.5114706206235002
-3.7711529699174844
-3.6690138564669934
-3.6644161549935994
-3.6321431061102
-3.627545404636808
-3.7947548407499707
-3.363039085227851
-3.454116284684556
-3.347284538322746
-3.365633182767558
-3.6209506256298174
-3.509421838058329
-3.491005610976846
-3.5413032459155107
-3.4109420443666356
-3.3832922043193285
-3.205537282997735
-3.1593689032630095
-3.401568717263347
-3.3785378151888574
-3.281086934618186
-3.2718873000081494
-3.5533372065381283
-3.3945937149652265
-3.2877619686034123
-3.2785623339933783
-3.2231089005225857
-3.4124913219750783
-3.3709590111863093
-3.1979637284916262
-3.3696156349103634
-3.1870965398124107
-3.1455642290236447
-3.1593320211095604
-3.2504092205662665
-3.176333791640566
-2.9024220606795343
-3.4461994683203447
-3.1577033808836967
-3.189769455057262
-3.4275890672882006
-3.168219275806952
-3.163621574333559
-3.366260742394149
-3.2875189575534507
-3.0858976424685665
-3.4192062679824478
-3.3357937681827687
-3.261718339257063
-3.1548865928952474
-3.2369303662272073
-3.218514139145728
-3.3500409974122993
-3.0322479511561893
-3.2612956313126595
-3.256697929839269
-3.116893854851056
-3.270752148184822
-3.330140694718785
-3.2280015812682947
-3.250926885071548
-3.200118133774048
-3.254963290626917
-3.1198828815545125
-3.2154706812269063
-3.265768316165578
-3.2149595648680838
-3.297003338200049
-3.3654662973881226
-3.3239339865993527
-3.369679959867295
-3.337406910983893
-3.2117604669743685
-3.06722825924612
-3.185308224602825
-3.1252057903321986
-3.0836734795434277
-3.255325385962169
-3.2690931780480854
-3.3871731434047914
-3.3177597194788464
-3.3680573544175116
-3.3726508320028756
-3.3357502955147615
-3.2709945337793718
-3.4515195569899513
