-923.5
-985.5
-992.0
-983.5
-961.5
-882.5
-854.0
-828.5
-805.0
-801.0
-768.0
-753.0
-693.5
-725.5
-717.5
-681.0
-692.0
-698.0
-655.5
-663.0
-635.0
-683.5
-627.5
-584.0
-598.0
-619.0
-570.0
-563.5
-583.0
-569.5
-568.5
-533.5
-572.5
-530.5
-542.0
-565.0
-551.0
-485.0
-495.5
-518.5
-491.5
-545.0
-484.5
-436.5
-460.5
-498.5
-477.5
-500.5
-455.0
-435.0
-457.0
-465.0
-429.0
-410.5
-360.5
-471.5
-459.0
-393.5
-434.0
-428.5
-420.0
-427.5
-372.5
-372.0
-347.5
-387.0
-355.0
-385.5
-377.0
-387.5
-346.5
-364.0
-370.0
-352.0
-371.0
-347.0
-340.5
-382.0
-366.0
-307.0
-298.5
-305.5
-289.0
-353.0
-328.0
-291.0
-319.5
-328.0
-313.0
-309.0
-280.5
-298.0
-271.5
-313.5
-351.0
-272.5
-354.0
-268.5
-353.0
-354.0
