-0.343806816047483
-1.0509127814293386
-1.8476402649511507
-2.4940934774904684
-3.1861050917860645
-3.4769582560604047
-3.7431808286544657
-3.7518538577155067
-3.624374425128539
-3.8076075406774117
-3.790216218795788
-3.9145260935034174
-3.8225392678048355
-3.8312122968658775
-3.783239839897072
-3.7044980550563773
-3.807594491070054
-3.6353920411685934
-3.6570464708577934
-3.670050379358081
-3.4300042834262805
-3.511796895135683
-3.6656551884694504
-3.6045190556216484
-3.43231660572019
-3.5693114766607628
-3.351982366649091
-3.317139020068625
-3.2910293001628683
-3.3256315143857385
-3.6123879967430663
-3.2757871762458257
-3.3575797879552303
-3.2655929622566497
-3.3516536066622553
-3.364657515162542
-3.568767487763818
-3.269169611357434
-3.2821735198577215
-3.290846548918766
-3.1365813379855862
-3.294646615160315
-3.5029215192810503
-3.3531305815770884
-3.1267270589113036
-3.2847923360860314
-3.139471671366469
-3.1697616817860435
-3.2728581177997196
-3.341824728461397
-3.3374825657916234
-3.2055487899256496
-3.451152776600403
-3.292409285027502
-2.8715368067553557
-3.071478375613744
-3.3335840274317796
-3.1388691576887457
-3.2631790323963767
-3.1844372475556773
-3.114506037681977
-3.380728610276036
-3.2264633993428578
-3.4555110794993262
-3.188067654744397
-3.396342558865129
-3.2375990672922255
-3.259253496981424
-3.060023954245426
-3.1970188251859954
-3.222992909571514
-3.0999638555605116
-3.1172948954429405
-3.207619932431139
-3.378284964278433
-3.2060825143769716
-3.1930446973415645
-3.2620113080032445
-3.4452444235521176
-3.259546688804833
-3.3413393005142353
-3.222756667427656
-3.3088173118332644
-3.252072922789998
-3.3381335671956025
-3.294541311996199
-3.04537944325682
-3.274427123413288
-3.169160077424125
-3.3440179816345195
-3.300425726435114
-3.335027940657984
-3.167315836814947
-3.106179703967147
-3.372402276561209
-3.0497096708733484
-3.381346095516437
-3.159481837801552
-3.198392540011829
-3.456377878452898
