1234
1327
1351
1311
1323
1221
1215
1154
1123
1195
1148
1181
1131
1154
1141
1134
1176
1113
1157
1155
1098
1171
1188
1138
1113
1184
1103
1144
1146
1160
1220
1077
1171
1131
1172
1155
1200
1085
1155
1154
1117
1189
1201
1118
1101
1189
1119
1159
1176
1168
1151
1122
1210
1116
1059
1199
1214
1108
1181
1134
1136
1215
1117
1206
1092
1201
1116
1157
1107
1184
1158
1124
1156
1173
1192
1113
1149
1168
1195
1110
1171
1125
1172
1139
1172
1142
1096
1206
1128
1193
1142
1160
1114
1138
1215
1080
1231
1102
1161
1213
