-1049.5
-1087.5
-1120.0
-1100.0
-1032.0
-963.0
-968.5
-888.0
-925.0
-870.5
-852.0
-817.0
-835.5
-836.0
-793.0
-799.0
-803.5
-727.5
-758.0
-769.0
-703.0
-722.0
-701.0
-714.0
-636.0
-680.0
-657.0
-642.0
-645.5
-641.0
-623.5
-644.0
-633.5
-574.0
-587.5
-634.0
-541.0
-589.5
-541.0
-571.0
-571.5
-594.0
-536.0
-571.5
-486.5
-559.5
-511.5
-509.5
-493.5
-517.0
-520.0
-443.5
-496.5
-500.0
-468.0
-430.5
-490.5
-480.5
-431.5
-473.0
-439.0
-500.0
-446.0
-459.0
-441.0
-465.0
-425.5
-438.0
-465.0
-395.0
-411.5
-398.5
-450.0
-424.5
-370.0
-422.5
-389.0
-490.0
-331.0
-335.0
-397.0
-372.5
-375.5
-402.0
-324.5
-371.5
-409.5
-394.0
-304.0
-406.5
-375.0
-338.5
-395.5
-371.0
-399.0
-352.0
-415.5
-341.0
-326.5
-367.5
