-0.4229980843307147
-1.1116071806317878
-1.9675679090423386
-2.669773206787175
-3.128536822731164
-3.3388928923345986
-3.722251129404359
-3.7378517660855777
-3.8038209030994823
-3.8233141051777704
-3.803744608572088
-3.8387778386997127
-3.696137420627024
-3.789019348491702
-3.4454498857514424
-3.5344959868073555
-3.6004651238212624
-3.489876097553166
-3.501581136063032
-3.6059529196158295
-3.519268321349444
-3.554301551477067
-3.351005314738926
-3.6614759637179
-3.3262677069394515
-3.4037886396192794
-3.2852060065326993
-3.5030471074740994
-3.5147521459839686
-3.376129405909695
-3.3211406348619885
-3.262200856101778
-3.494978487941855
-3.291682251203713
-3.2838636413228
-3.4528505392392566
-3.2900731628166553
-3.4249561013076666
-3.147888034504814
-3.1945446716492354
-3.2179274110687452
-3.375572149112058
-3.332417703115683
-3.336322428031041
-3.124882867017283
-3.413278424950676
-3.3740625376455466
-3.2434654814774144
-3.140857302873429
-3.074006130057569
-3.2993210739451193
-3.0510715307260132
-3.1516162953395797
-3.2674515917472524
-3.36033351961193
-3.1975561431893307
-3.170137351408046
-3.2206624606990197
-3.2518152094521975
-3.348530023667852
-3.120763917535399
-3.35354154937548
-3.3808108027878045
-3.1734445617549314
-3.277816345307731
-3.1592337122211496
-3.286506299166817
-3.2354654162041943
-3.2237329117985776
-3.2159143019176684
-3.1451027328551473
-3.0980066232726875
-3.1485317325636633
-3.3738466764512123
-3.067793021226729
-3.300570653066805
-2.8980779494852973
-3.324664121519329
-3.100984652312373
-3.0892521479067554
-3.3033521338213934
-3.20074395521741
-3.1378500441831108
-3.3256835531810247
-3.0692170812432775
-3.1850523776509503
-3.106310592810258
-3.339088224650335
-3.0247220155577805
-3.2946469207904605
-3.143961448689262
-3.159562085370478
-3.1712671238803445
-3.1083732128460486
-3.205088027061706
-3.2284707664812142
-3.141786168214827
-3.1768193983424458
-3.176819398342452
-3.1924200350236753
