1393
1469
1519
1473
1403
1335
1382
1284
1297
1285
1275
1289
1244
1304
1195
1303
1297
1252
1283
1307
1258
1289
1229
1362
1197
1300
1250
1337
1283
1245
1266
1265
1341
1229
1278
1324
1239
1315
1211
1292
1286
1321
1269
1281
1227
1356
1270
1247
1254
1263
1339
1218
1306
1310
1304
1239
1273
1293
1288
1305
1223
1341
1287
1228
1307
1250
1313
1267
1277
1278
1262
1268
1293
1339
1204
1341
1181
1394
1224
1277
1336
1254
1264
1329
1216
1310
1260
1341
1202
1351
1242
1284
1283
1264
1305
1286
1258
1289
1280
1284
