-0.48364813229275555
-1.072563310574673
-1.8321435207038828
-2.5580535699263725
-3.61087741546312
-4.058938208911556
-3.940355575824975
-3.317143349788591
-3.975025138732187
-3.7349790428003837
-3.453780451186003
-3.793533760728542
-4.059756333322603
-4.288804013479072
-4.327714715689346
-4.593937288283407
-4.394707745547407
-4.195478202811409
-3.6163191251858002
-3.9560724347283385
-4.147666756239021
-3.6983851106297183
-4.146445904078154
-3.9063998081463476
-4.097994129657036
-4.474111235844974
-4.513021938055245
-4.434280153214547
-4.395064265909418
-4.3558483786042865
-4.768066724659657
-4.188907647034051
-4.304742943441723
-3.7692522656598886
-3.8081629678701634
-4.431680360374948
-4.47059106258522
-4.106057208544779
-3.4828449825083925
-4.106362375013179
-4.067146487708047
-4.4068997972505874
-4.248156305677685
-3.5804993425550697
-4.373524493438265
-4.0923259018238864
-4.169846834503711
-4.1306309471985845
-4.614279079491343
-4.33308048787696
-4.410601420556785
-4.822819766612154
