-308.5
-332.5
-349.5
-324.0
-303.0
-297.0
-286.0
-254.0
-260.0
-232.5
-223.0
-232.0
-220.0
-230.0
-217.5
-241.5
-219.0
-177.5
-233.0
-167.5
-187.5
-177.5
-187.5
-170.0
-148.0
-164.0
-152.0
-146.0
-157.5
-127.0
-161.5
-132.0
-144.0
-120.0
-138.5
-141.0
-114.5
-114.5
-124.5
-117.5
-112.5
-95.0
-100.5
-97.0
-94.5
-90.5
-125.5
-99.0
-106.0
-79.5
-85.5
-54.0
-52.5
-63.5
-80.5
-100.0
-70.0
-74.5
-81.0
-63.0
-87.5
-58.5
-71.5
-57.0
-47.0
-29.5
-68.5
-54.0
-57.0
-44.5
-53.0
-53.5
-48.0
-42.0
-31.0
-57.0
-55.5
-51.0
-56.0
-35.5
-39.5
-39.5
-66.5
-58.0
-38.0
-38.5
-30.5
-41.5
-35.5
-53.5
-42.5
-49.5
-39.5
-29.0
-44.0
-34.5
-26.5
-38.0
-40.0
-37.0
