-0.41221834605537294
-1.1717985561845823
-2.1822492667664686
-2.930631263928154
-3.3905826694014265
-3.656805241995489
-4.116756647468761
-3.8355580558543805
-4.211675162042317
-3.9442317372873856
-3.7585340025401024
-3.987581682696572
-4.191691655297848
-3.9104930636834685
-3.5599452327483356
-4.375143368970858
-4.269876322981697
-3.6907172453560864
-4.0788970835709435
-3.756204477883086
-3.8974205394500614
-3.9233946238355806
-4.139988997429791
-3.9812455058568896
-3.9551357859511342
-4.04546082293933
-4.409486024805862
-4.114494320996084
-3.9287965862487995
-3.5079241079766454
-3.7987772722509865
-3.462176451753748
-4.085693844258532
-3.7768708729843032
-3.8028449573698224
-3.5900468852758416
-3.8685999203458716
-3.5180520894107365
-3.989865896652162
-3.749819800720356
-3.788730502930628
-3.5759324308366485
-3.804980110993118
-3.699713065003957
-3.594446019014796
-3.6591299741683896
-3.875724347762601
-3.6356782518307966
-4.083739045279232
-3.7610464395913774
-3.8385673722711995
-3.74658054657262
-3.7983944817503508
-3.7853566647149495
-3.4903649609051697
-3.974013093197926
-3.7339669972661205
-3.8625087808171576
-3.952833817805352
-3.388273290696417
-3.9771884689783312
-3.6544958632904745
-3.820964503787793
-4.124087612869968
-3.829095909060192
-3.5616524843052573
-4.0571069975264145
-3.564906633460152
-3.769016606061433
-3.6770297803628513
-4.125090573811286
-4.125090573811289
-3.774542742876154
-3.8648677798643525
-3.6926653299628933
-3.757349285116488
-3.885891068667515
-4.0271071302344845
-3.8143090581405037
-3.682375282274532
-3.6168435447480256
-3.5248567190494393
-3.766326765844218
-3.970436738445489
-4.162031059956168
-3.839338454268311
-4.239551992635989
-4.35538728904366
-3.5824632799318827
-3.8363249067989966
-3.499724086301756
-3.6282658698527905
-3.7441011662604593
-3.6388341202712966
-3.892695747138411
-3.9830207841266034
-3.904278999285906
-3.81229217358732
-3.8382662579728417
-3.8642403423583636
