-685.5
-718.0
-729.5
-707.0
-696.0
-665.5
-625.5
-580.0
-584.5
-586.5
-544.0
-531.0
-525.5
-505.5
-469.5
-555.0
-456.5
-493.0
-451.5
-443.0
-449.5
-430.0
-406.5
-432.0
-495.5
-391.0
-380.5
-393.0
-383.5
-393.5
-355.5
-413.0
-350.5
-378.5
-352.5
-336.0
-333.5
-350.5
-376.0
-319.0
-325.0
-292.0
-309.0
-273.5
-297.5
-343.5
-277.0
-269.5
-277.5
-279.0
-265.5
-271.5
-280.0
-294.0
-187.0
-235.0
-238.5
-294.0
-268.5
-274.0
-246.5
-288.0
-217.0
-231.0
-207.5
-250.5
-212.0
-195.0
-161.5
-229.5
-250.5
-204.5
-202.5
-223.5
-206.0
-218.5
-191.5
-211.0
-222.0
-215.0
-181.0
-198.0
-195.5
-200.5
-193.5
-173.0
-166.0
-198.5
-151.5
-170.0
-178.5
-204.0
-161.5
-185.5
-180.0
-152.5
-210.5
-200.0
-169.0
-170.5
