-0.39281161251551044
-1.0978882982637703
-1.8029649840120296
-2.397219191098098
-3.138697493686985
-3.5426078898940596
-3.6672434232464126
-3.5701529939609036
-3.7006467587977108
-3.923950612934815
-3.7961286794058378
-3.802134686134008
-3.8618725532395977
-3.7709058234335706
-3.5560170132786015
-3.8647930342122034
-3.662435558937531
-3.781205988978067
-3.6348540774774993
-3.646858885165193
-3.724379817845019
-3.645638033004323
-3.424471758120195
-3.4064103296906256
-3.8103207258977014
-3.607963250623031
-3.4118596848566236
-3.6063450154099748
-3.4039875401353052
-3.690113465710159
-3.2309601485822683
-3.6514726629758543
-3.4803068047646417
-3.6399892105798735
-3.699727077685463
-3.663538741184308
-3.517186829683742
-3.4262200998777126
-3.649523954014816
-3.440904737157818
-3.092505133967867
-3.258004876099589
-3.3414394700246604
-3.256588948932354
-3.232492516752605
-3.3746821933552757
-3.4165735215852653
-3.4465316699265975
-3.287788178353697
-3.1661276750560448
-3.2318002609592793
-3.327041235812753
-3.3629695341171253
-3.7668799303241984
-3.2213457272369608
-3.3868454693686867
-3.386845469368687
-3.6043988915896046
-3.395779674732602
-3.561279416864326
-3.148028061461242
-3.6832370305860995
-3.308997576603935
-3.410131304054629
-3.251387812481726
-3.3111256795873145
-3.591573012842532
-3.525026355998633
-3.310137545843668
-3.375810131746903
-3.622049805918538
-3.524959376633029
-3.3600085596198013
-3.4611422870704946
-3.3271513212968737
-3.392823907200109
-3.338442706479417
-3.338442706479417
-3.3083039774918293
-3.29024254906226
-3.137698686305961
-3.4010714440608374
-3.2732495105318566
-3.309177808836227
-3.3271742289844632
-3.416515498138695
-3.3255487683326694
-3.4910485104643936
-3.3816881363710505
-3.278466498469318
-3.449776816501931
-3.4857051148063065
-3.251960216935941
-3.335394810861015
-3.35339123100925
-3.100718865741474
-3.4712587265100834
-3.441119997522498
-3.2699541393112868
-3.3356267252145204
