-206.0
-219.5
-217.5
-214.0
-207.0
-192.0
-180.0
-167.0
-178.0
-175.5
-165.0
-144.0
-152.5
-140.5
-152.0
-132.0
-136.0
-125.0
-152.5
-114.0
-111.0
-119.5
-118.0
-100.5
-101.0
-88.0
-95.0
-107.5
-108.0
-105.5
-101.0
-107.0
-69.5
-100.0
-74.5
-87.0
-74.0
-69.0
-71.5
-52.5
-52.5
-60.0
-62.0
-59.0
-61.0
-61.0
-43.5
-52.0
-56.0
-40.0
-40.0
-46.0
-57.5
-34.5
-43.5
-62.0
-46.0
-47.5
-41.5
-26.5
-42.5
-37.5
-15.5
-26.0
-35.5
-31.0
-35.5
-40.0
-21.0
-38.5
-34.0
-27.0
-30.5
-32.5
-15.0
-16.5
-32.5
-18.0
-23.0
-10.0
