-0.3579682659350441
-1.2172195505683403
-1.9431295997908302
-2.883948761881746
-3.223702071424284
-3.812617249706202
-3.851527951916477
-3.929048884596303
-3.810466251509722
-4.113589360591895
-4.15250006280217
-3.7669135460800143
-4.161113854618895
-4.161113854618896
-4.4825856081458815
-4.180683053201344
-4.101941268360649
-3.820742676746268
-4.49571849943379
-4.152149036693532
-3.8294564310056765
-3.9452917274133483
-3.8066689873390747
-3.8841899200189016
-4.242158185953945
-3.8354299886841834
-3.8549231907624715
-3.9516380049781272
-4.180685685134596
-3.4001571118192873
-4.075132934506811
-4.341355507100871
-3.8058648293190336
-3.959723122652802
-3.6991431169577327
-4.002266226039904
-4.098981040255557
-3.6710213885785374
-4.190005356986752
-4.228916059197022
-4.439272128800456
-4.011312477123437
-4.165170770457206
-4.0665482437183105
-4.144069176398135
-4.5921299698465745
-4.012970892220963
-3.7523908865258937
-4.037097768526586
-4.07600847073686
-4.153529403416684
-3.872330811802304
-4.46124599008422
-4.159343435139683
-4.462466544221859
-4.097932690181421
-4.156185776281304
-4.4959390858238475
-4.067979434146831
-3.929356694072558
-4.430703959890931
-4.12880140494639
-4.050059620105695
-3.9514370933667995
-3.951437093366799
-3.9903477955770756
-4.106183091984747
-3.9069535492487466
-4.3011538577876305
-3.7000167227968332
-4.254088554498288
-4.273581756576576
-4.013001750881505
-4.10971656509716
-4.187237497776983
-4.028494006204081
-4.368247315746619
-3.767110180755822
-4.143227286943765
-4.044604760204875
