-0.15385829333376844
-0.7427734716156857
-1.2617574400239029
-2.5009382595468086
-2.4221964747061127
-3.661377294229019
-3.738898226908845
-3.738898226908844
-4.396780015852442
-4.1567339199206375
-3.8340413142327816
-4.559951363455271
-3.616995514417522
-4.606124231067121
-3.7566290470901333
-3.756629047090133
-3.516582951158328
-4.569406796695078
-3.7199116127180893
-3.2277112486518265
-3.603828354839762
-3.9799454610277
-4.356062567215638
-4.585110247372107
-4.426366755799205
-4.802483861987143
-4.223324784361534
-4.452372464518005
-4.5298933971978315
-4.123165199928072
-4.916190350811266
-5.219313459893439
-4.6401543822678315
-3.5048671290911
-4.162748918034695
-5.922631033820584
-5.16488154318458
-5.164881543184579
-3.9305811535269513
-4.44956512193517
-4.209519026003366
-4.050775534430467
-4.569759502838683
-4.163031305568921
-4.751946483850839
-3.616659230674109
-5.208927886266784
