-787.5
-811.5
-819.0
-820.0
-823.5
-728.0
-721.5
-707.0
-647.5
-646.0
-614.5
-613.5
-589.5
-592.5
-574.5
-619.0
-521.0
-516.0
-554.0
-547.5
-553.0
-535.5
-549.0
-513.5
-494.0
-505.5
-461.0
-465.5
-469.0
-492.0
-415.5
-445.0
-454.5
-442.5
-454.0
-384.5
-401.0
-432.5
-429.5
-376.0
-413.5
-412.0
-357.0
-383.0
-404.0
-375.5
-299.5
-384.5
-343.0
-334.5
-315.0
-331.0
-368.0
-320.5
-345.0
-314.5
-306.5
-310.5
-321.0
-298.0
-304.5
-323.5
-298.5
-258.5
-266.5
-332.0
-298.5
-282.5
-309.5
-238.0
-275.0
-296.0
-266.5
-274.0
-263.0
-225.5
-257.5
-263.5
-228.5
-266.0
-291.5
-279.5
-217.5
-264.0
-252.0
-241.5
-240.5
-203.5
-266.0
-171.5
-255.0
-198.0
-244.0
-233.0
-226.0
-232.0
-227.0
-211.0
-231.0
-184.0
