-0.4050189207654352
-1.0354281131208278
-1.770339064864057
-2.32674135570814
-3.034600843810132
-3.4587952434952793
-3.6025423099252096
-3.8613519827181557
-3.866557605260209
-4.005241380118207
-3.9581452705357494
-4.0202578705285354
-3.8668878346044613
-3.7987168782254432
-3.6507145293439915
-3.9194056282779974
-3.856511717243697
-3.681613122763564
-3.6816131227635625
-3.5763460767744
-3.3744057722479592
-3.415899786321434
-3.4934207190012594
-3.4410642196647805
-3.399222971312198
-3.583292836925781
-3.6040828876690996
-3.3421309516594824
-3.440122742002623
-3.5788065168606185
-3.4894715077185
-3.389520783335987
-3.548427032676516
-3.2974400133419484
-3.3698301092452128
-3.3802359402643347
-3.167437868170353
-3.2807279876332736
-3.4143433383370416
-3.2663409894555855
-3.3026670444126487
-3.5117745186793408
-3.2989764465853586
-3.2728667266796
-3.481974200946294
-3.544086800939078
-3.176751041529715
-3.355798305013269
-3.407612240191003
-3.371020336152603
-3.2015125777741975
-3.0158148430269134
-3.134194021453336
-3.4028851203873445
-3.313550111245223
-3.2664540016627726
-3.3439749343426017
-3.2333859080745073
-3.101452132208533
-3.265401246323487
-3.3786913657864033
-3.342099461748005
-3.347305084290057
-3.33165561924542
-3.031135998896893
-2.989294750544309
-3.2776903084777027
-3.1296879595962523
-3.4572609951493836
-3.3413443178710995
-3.166445723390962
-3.494018758944091
-3.2703392897371324
-3.2337473856987358
-3.4127946491822927
-3.078978568383877
-3.1820750043975554
-3.290270879914962
-3.1743542026366742
-3.383461676903368
-3.373034144448266
-3.5117179193062644
-3.082339626677756
-3.2714270541775377
-3.3745234901912147
-3.3484137702854575
-3.461703889748379
-3.1055663433065384
-3.309676315907808
-3.288799458855404
-3.437604694659558
-3.2627061001794244
-3.340227032859248
-3.277333121824947
-3.1453993459589746
-3.511845269247762
-3.3638429203663076
-3.441363853046132
-3.357328261464228
-3.4399747712202817
