-255.5
-267.5
-278.0
-275.0
-277.5
-251.5
-258.0
-226.5
-212.0
-203.0
-193.0
-206.0
-206.5
-198.5
-155.5
-191.0
-169.5
-175.5
-167.5
-182.0
-164.5
-162.5
-154.5
-127.0
-135.5
-118.5
-136.5
-147.5
-123.0
-129.0
-126.0
-98.5
-132.5
-95.5
-114.5
-68.5
-96.5
-70.5
-85.0
-92.0
-102.5
-82.5
-86.5
-72.5
-83.5
-78.0
-70.0
-80.5
-66.5
-80.0
-77.0
-77.5
-54.0
-58.5
-62.0
-56.0
-51.5
-65.0
-32.5
-42.0
-23.5
-51.5
-32.0
-23.5
-51.5
-49.0
-27.0
-56.0
-41.0
-24.0
-31.0
-26.5
-33.5
-31.0
-46.5
-35.5
-21.0
-45.0
-37.5
-46.5
-32.5
-43.5
-14.0
-31.0
-33.0
-23.5
-45.0
-35.0
-21.0
-40.5
-22.5
-14.0
