-0.39058889631976035
-0.9095728647279784
-1.7424388638570558
-2.3866032230718983
-3.1796283739550897
-3.6419545123155572
-4.160938480723774
-4.034349440802324
-3.728295785577842
-4.031418894660017
-3.8403128305590273
-3.88696946770345
-4.010432530655308
-4.149116305513307
-3.6569159414470462
-4.133466840468669
-3.8770003685309167
-3.7182568769580153
-4.03606428440674
-3.9573224995660414
-3.941673034521402
-3.7179935653144445
-4.05044227165861
-4.112554871651395
-4.474158179549524
-3.8949991019239136
-3.97252003460374
-4.0036727833569214
-4.408691704122356
-4.152225232184603
-4.2297461648644274
-3.6153756741117538
-4.034783094015261
-4.248883079929903
-4.295539717074327
-4.071860247867369
-4.2257185412011395
-4.066975049628232
-3.8758689855272475
-3.208212022404633
-3.8109968351001764
-4.069806507893121
-4.006912596858818
-4.099794524723495
-4.432243231067658
-4.142773338973144
-3.6677846958617435
-3.7606666237264226
-3.4546129685019404
-4.029619931974475
-3.9190309057063755
-4.088017803622831
-3.748630691607404
-3.841512619472077
-3.8571132561532924
-3.5344206504654347
-3.7184905160790165
-3.917597987012368
-4.131697972927007
-4.390507645719955
-4.1340411737822
-4.118391708737567
-3.9918026688161197
-4.099998544333525
-3.9412550527606256
-3.9724078015138042
-3.893666016673106
-4.047524310006867
-4.246631780940226
-4.385315555798227
-3.9445736219147
-3.8974775123322383
-4.244524769193073
-3.9218321635052136
-4.195456661951443
-4.068867622029991
-3.861501380997117
-4.090549061153588
-3.8994429970525974
-3.740699505479697
-3.9096864033961465
-4.1087938743295
-3.5993223359227997
-3.8729468343690328
-4.21999409122987
-3.516494680714194
-3.9930455797358158
-4.0859275076004895
-3.7798738523760003
-3.993973838290643
-4.086855766155315
-4.270925631768894
