-990.5
-1044.5
-1033.0
-1008.5
-1002.5
-913.0
-938.0
-872.5
-826.0
-778.0
-804.5
-825.5
-746.5
-835.5
-753.0
-713.5
-723.0
-739.0
-750.5
-690.5
-683.0
-685.5
-626.5
-646.0
-667.5
-652.0
-613.5
-656.0
-607.5
-570.0
-662.5
-566.0
-570.5
-580.0
-546.5
-558.0
-604.5
-513.5
-519.0
-470.5
-514.0
-553.5
-498.0
-505.5
-521.5
-527.5
-441.0
-504.0
-472.0
-489.5
-474.0
-488.5
-504.5
-443.5
-466.5
-423.5
-483.0
-438.0
-414.5
-444.5
-352.0
-443.5
-415.0
-377.0
-413.0
-342.5
-374.0
-445.5
-379.5
-418.0
-431.5
-381.0
-338.0
-427.0
-372.0
-402.0
-371.5
-360.0
-392.5
-404.0
-407.5
-349.5
-382.0
-348.0
-319.0
-351.5
-373.5
-310.0
-302.0
-367.5
-337.0
-314.0
-363.5
-355.0
-336.5
-305.5
-351.5
-323.5
-336.5
-333.0
