-0.4141112099810651
-1.0971638539528494
-1.8726142942988195
-2.479771010508113
-3.0098619808920977
-3.3668732174434184
-3.6622503915914444
-3.8439417587854807
-3.917412468481585
-3.775618145681241
-3.6253564203492323
-3.698827130045337
-3.4587810341135334
-3.8004548353255445
-3.788104067415232
-3.565284517377993
-3.4990583836278897
-3.5725290933239946
-3.633829411615701
-3.5883933286089156
-3.584279794851597
-3.6293067057755923
-3.4364915321040415
-3.4241407641937327
-3.3994086445171057
-3.5092137894400985
-3.354712979496392
-3.3956632493466143
-3.2749749097643917
-3.0521553597271516
-3.4129936152176996
-3.325890624415194
-3.321777090657876
-3.519303783835416
-3.3732775521916665
-3.31537781503687
-3.380738222873633
-3.326996490116467
-3.38829680840817
-3.2676084688259492
-3.2138667360687845
-3.242567101874085
-3.1638253170333934
-3.143223722168296
-3.2449773355607716
-3.302214264762523
-2.9575436017094785
-3.1865912818659465
-3.0701134688483336
-3.1192136997532103
-3.196734632433036
-3.0676145876486305
-3.316262449705471
-3.1447692699662073
-3.3065956924763666
-3.173254457065558
-3.3390601873862327
-3.1760704110570543
-3.208857413787851
-3.445754389119922
-3.136202395463412
-3.2379560088558876
-3.192519925849101
-3.0844525437464156
-3.3370112390100677
-3.2957228128151557
-3.068602187243874
-3.3484513986011373
-2.9949623911106062
-3.0765302685682276
-3.348597377187197
-3.4017676123868084
-3.0658997685089244
-3.2713253574840557
-3.074234852213832
-3.3696120263618567
-3.0992759200104762
-3.132062922741273
-3.168933225004849
-3.1483316301397455
-3.213692037976511
-3.19309044311141
-3.3866630040148626
-3.3204368702647584
-3.3573071725283343
-3.177296103165153
-3.3351400483640092
-3.412660981043832
-3.1423248746924495
-3.2440784880849263
-3.012653083943819
-3.0780134917805815
-3.3656327124715153
-3.2743438696036877
-3.266113415070344
-3.228969207927441
-3.4658661832595055
-3.366195108755414
-3.3826154847613608
-3.3702647168510507
