1321
1394
1420
1373
1352
1306
1290
1261
1234
1182
1180
1234
1159
1302
1213
1163
1200
1234
1231
1205
1215
1227
1170
1213
1210
1243
1179
1226
1187
1163
1307
1195
1215
1265
1181
1202
1232
1203
1231
1187
1203
1223
1197
1211
1241
1230
1135
1273
1188
1228
1235
1185
1278
1175
1256
1184
1257
1177
1224
1275
1143
1241
1205
1190
1279
1206
1162
1286
1133
1236
1284
1229
1137
1267
1169
1290
1152
1224
1225
1211
1232
1211
1264
1200
1225
1173
1255
1235
1152
1241
1161
1232
1288
1194
1214
1207
1275
1192
1220
1213
