-629.0
-641.5
-654.0
-652.5
-635.0
-585.0
-559.0
-498.5
-514.5
-525.0
-493.0
-520.5
-485.0
-483.0
-452.5
-447.5
-483.0
-439.5
-430.0
-419.5
-410.0
-354.0
-431.5
-365.5
-414.5
-354.0
-373.5
-359.0
-350.0
-314.5
-334.5
-366.5
-333.5
-358.0
-289.5
-293.5
-335.0
-272.0
-317.5
-294.5
-295.0
-279.5
-251.5
-301.0
-277.5
-274.5
-254.5
-248.5
-272.5
-227.0
-261.5
-240.0
-236.0
-262.5
-204.5
-240.0
-205.5
-251.5
-218.0
-200.0
-215.5
-175.0
-209.0
-210.0
-208.5
-235.0
-256.0
-210.5
-171.5
-182.5
-237.0
-177.5
-199.5
-200.5
-179.0
-209.5
-191.5
-195.0
-133.0
-166.5
-179.5
-173.0
-126.5
-204.0
-156.5
-179.0
-168.5
-149.0
-135.0
-191.5
-168.0
-131.5
-133.5
-175.0
-168.0
-135.5
-137.5
-162.5
-151.0
-132.5
