-0.4599514054732731
-0.9789353738814912
-1.7496887730177828
-2.3904178864774344
-2.9328211014477845
-3.3868307355741654
-3.7629478417621036
-3.5772501070148186
-3.6161608092250934
-3.7064858462132886
-3.70648584621329
-3.8603441395470592
-3.7417615064604792
-3.882977568027453
-3.876462909125372
-3.677233366389373
-3.7930686627970442
-3.927951601288053
-3.7557491513865955
-3.8396762348466655
-3.8201067382409826
-3.497414132553127
-3.981062264845884
-3.665309285532266
-3.76202409974792
-3.6567570537587586
-3.584624655207639
-3.7447920976435167
-3.6061693575692426
-3.5141825318706603
-3.5595490128990317
-3.5984597151093056
-3.337879709414236
-3.5419896820155103
-3.733584003526191
-3.3690501494857523
-3.5918750534812007
-3.4866080074920385
-3.646775449927914
-3.4745730000264534
-3.526386935204187
-3.62310174941984
-3.348785471349077
-3.4070385574489537
-3.66708447700305
-3.751011560463118
-3.351340527385395
-3.33177103077971
-3.396454985933305
-3.1972254431973077
-3.395081506290316
-3.36242299697424
-3.640976032044269
-3.6083175227281927
-3.2297584140497104
-3.641976760105081
-3.4427472173690865
-3.462240419447373
-3.316919754727815
-3.3687336899055462
-3.547780953389104
-3.4291983203025223
-3.3305757935636313
-3.4145028770237005
-3.3555630982634828
-3.2369804651769023
-3.346450388350582
-3.274317989799469
-3.4028597733505044
-3.0801671676626494
-3.4983771261785677
-3.2923679213868926
-3.1201654714854317
-3.441637225012418
-3.349650399313835
-3.4654856957215054
-3.333551919855531
-3.5997744924495914
-3.664458447603188
-3.4922559977017302
-3.550509083801608
-3.550509083801609
-3.2624186923366203
-3.5899917278897537
-3.464737979737489
-3.3859961948967907
-3.418442772095539
-3.483126727249136
-3.5026199293274214
-3.4568380528974916
-3.527944616512874
-3.611871699972935
-3.190999221700785
-3.0923766949618883
-3.4684938011498243
-3.435835291833749
-3.3570935069930496
-3.2783517221523466
-3.444820362649665
-3.2388111578579872
