-0.5499208221653096
-1.1623843517641241
-1.8764437159695952
-2.7466316055172486
-3.3383830886980874
-3.508765535158286
-3.9078166663613487
-4.350704099510529
-4.144180831870301
-4.193794228785388
-3.9872709611451618
-4.599734490743976
-4.20087866608069
-4.150483923782646
-4.150483923782647
-4.700404745947957
-4.273104289549485
-4.1715084549428285
-4.095615569767416
-4.516659914691315
-4.389153007340276
-4.559535453800476
-4.271995200610519
-4.418585715910657
-5.072075448482466
-5.021680706184422
-4.920084871577765
-4.405901250168251
-4.380803082292966
-4.59824520040019
-3.933799233109806
-4.765663311307968
-4.338362854909497
-3.9677010452291084
-4.388745390153007
-4.487214697886617
-4.751034439362058
-4.751034439362055
